2018/12/10-23:08:48.982903 7ffff7fdba80 RocksDB version: 5.17.2
2018/12/10-23:08:48.982963 7ffff7fdba80 Git sha rocksdb_build_git_sha:
2018/12/10-23:08:48.982965 7ffff7fdba80 Compile date Dec 10 2018
2018/12/10-23:08:48.982966 7ffff7fdba80 DB SUMMARY
2018/12/10-23:08:48.983000 7ffff7fdba80 CURRENT file:  CURRENT
2018/12/10-23:08:48.983001 7ffff7fdba80 IDENTITY file:  IDENTITY
2018/12/10-23:08:48.983003 7ffff7fdba80 MANIFEST file:  MANIFEST-000006 size: 431 Bytes
2018/12/10-23:08:48.983004 7ffff7fdba80 SST files in ./db_data dir, Total Num: 0, files: 
2018/12/10-23:08:48.983005 7ffff7fdba80 Write Ahead Log file in ./db_data: 000003.log size: 483 ; 
2018/12/10-23:08:48.983006 7ffff7fdba80                         Options.error_if_exists: 0
2018/12/10-23:08:48.983007 7ffff7fdba80                       Options.create_if_missing: 0
2018/12/10-23:08:48.983007 7ffff7fdba80                         Options.paranoid_checks: 1
2018/12/10-23:08:48.983008 7ffff7fdba80                                     Options.env: 0x555555bed0c0
2018/12/10-23:08:48.983009 7ffff7fdba80                                Options.info_log: 0x555555e14af0
2018/12/10-23:08:48.983009 7ffff7fdba80                Options.max_file_opening_threads: 16
2018/12/10-23:08:48.983010 7ffff7fdba80                              Options.statistics: (nil)
2018/12/10-23:08:48.983011 7ffff7fdba80                               Options.use_fsync: 0
2018/12/10-23:08:48.983011 7ffff7fdba80                       Options.max_log_file_size: 0
2018/12/10-23:08:48.983012 7ffff7fdba80                  Options.max_manifest_file_size: 1073741824
2018/12/10-23:08:48.983012 7ffff7fdba80                   Options.log_file_time_to_roll: 0
2018/12/10-23:08:48.983013 7ffff7fdba80                       Options.keep_log_file_num: 1000
2018/12/10-23:08:48.983013 7ffff7fdba80                    Options.recycle_log_file_num: 0
2018/12/10-23:08:48.983014 7ffff7fdba80                         Options.allow_fallocate: 1
2018/12/10-23:08:48.983015 7ffff7fdba80                        Options.allow_mmap_reads: 0
2018/12/10-23:08:48.983015 7ffff7fdba80                       Options.allow_mmap_writes: 0
2018/12/10-23:08:48.983016 7ffff7fdba80                        Options.use_direct_reads: 0
2018/12/10-23:08:48.983016 7ffff7fdba80                        Options.use_direct_io_for_flush_and_compaction: 0
2018/12/10-23:08:48.983017 7ffff7fdba80          Options.create_missing_column_families: 0
2018/12/10-23:08:48.983017 7ffff7fdba80                              Options.db_log_dir: 
2018/12/10-23:08:48.983018 7ffff7fdba80                                 Options.wal_dir: ./db_data
2018/12/10-23:08:48.983018 7ffff7fdba80                Options.table_cache_numshardbits: 6
2018/12/10-23:08:48.983019 7ffff7fdba80                      Options.max_subcompactions: 1
2018/12/10-23:08:48.983020 7ffff7fdba80                  Options.max_background_flushes: -1
2018/12/10-23:08:48.983020 7ffff7fdba80                         Options.WAL_ttl_seconds: 0
2018/12/10-23:08:48.983021 7ffff7fdba80                       Options.WAL_size_limit_MB: 0
2018/12/10-23:08:48.983021 7ffff7fdba80             Options.manifest_preallocation_size: 4194304
2018/12/10-23:08:48.983022 7ffff7fdba80                     Options.is_fd_close_on_exec: 1
2018/12/10-23:08:48.983022 7ffff7fdba80                   Options.advise_random_on_open: 1
2018/12/10-23:08:48.983023 7ffff7fdba80                    Options.db_write_buffer_size: 0
2018/12/10-23:08:48.983024 7ffff7fdba80                    Options.write_buffer_manager: 0x555555dddcd0
2018/12/10-23:08:48.983024 7ffff7fdba80         Options.access_hint_on_compaction_start: 1
2018/12/10-23:08:48.983025 7ffff7fdba80  Options.new_table_reader_for_compaction_inputs: 0
2018/12/10-23:08:48.983025 7ffff7fdba80           Options.random_access_max_buffer_size: 1048576
2018/12/10-23:08:48.983026 7ffff7fdba80                      Options.use_adaptive_mutex: 0
2018/12/10-23:08:48.983026 7ffff7fdba80                            Options.rate_limiter: (nil)
2018/12/10-23:08:48.983027 7ffff7fdba80     Options.sst_file_manager.rate_bytes_per_sec: 0
2018/12/10-23:08:48.983028 7ffff7fdba80                       Options.wal_recovery_mode: 2
2018/12/10-23:08:48.983035 7ffff7fdba80                  Options.enable_thread_tracking: 0
2018/12/10-23:08:48.983036 7ffff7fdba80                  Options.enable_pipelined_write: 0
2018/12/10-23:08:48.983037 7ffff7fdba80         Options.allow_concurrent_memtable_write: 1
2018/12/10-23:08:48.983037 7ffff7fdba80      Options.enable_write_thread_adaptive_yield: 1
2018/12/10-23:08:48.983038 7ffff7fdba80             Options.write_thread_max_yield_usec: 100
2018/12/10-23:08:48.983038 7ffff7fdba80            Options.write_thread_slow_yield_usec: 3
2018/12/10-23:08:48.983039 7ffff7fdba80                               Options.row_cache: None
2018/12/10-23:08:48.983039 7ffff7fdba80                              Options.wal_filter: None
2018/12/10-23:08:48.983040 7ffff7fdba80             Options.avoid_flush_during_recovery: 0
2018/12/10-23:08:48.983041 7ffff7fdba80             Options.allow_ingest_behind: 0
2018/12/10-23:08:48.983041 7ffff7fdba80             Options.preserve_deletes: 0
2018/12/10-23:08:48.983042 7ffff7fdba80             Options.two_write_queues: 0
2018/12/10-23:08:48.983042 7ffff7fdba80             Options.manual_wal_flush: 0
2018/12/10-23:08:48.983043 7ffff7fdba80             Options.max_background_jobs: 2
2018/12/10-23:08:48.983043 7ffff7fdba80             Options.max_background_compactions: -1
2018/12/10-23:08:48.983044 7ffff7fdba80             Options.avoid_flush_during_shutdown: 0
2018/12/10-23:08:48.983045 7ffff7fdba80           Options.writable_file_max_buffer_size: 1048576
2018/12/10-23:08:48.983045 7ffff7fdba80             Options.delayed_write_rate : 16777216
2018/12/10-23:08:48.983046 7ffff7fdba80             Options.max_total_wal_size: 0
2018/12/10-23:08:48.983046 7ffff7fdba80             Options.delete_obsolete_files_period_micros: 21600000000
2018/12/10-23:08:48.983047 7ffff7fdba80                   Options.stats_dump_period_sec: 600
2018/12/10-23:08:48.983048 7ffff7fdba80                          Options.max_open_files: -1
2018/12/10-23:08:48.983048 7ffff7fdba80                          Options.bytes_per_sync: 0
2018/12/10-23:08:48.983049 7ffff7fdba80                      Options.wal_bytes_per_sync: 0
2018/12/10-23:08:48.983049 7ffff7fdba80       Options.compaction_readahead_size: 0
2018/12/10-23:08:48.983050 7ffff7fdba80 Compression algorithms supported:
2018/12/10-23:08:48.983051 7ffff7fdba80 	kZSTDNotFinalCompression supported: 0
2018/12/10-23:08:48.983052 7ffff7fdba80 	kZSTD supported: 0
2018/12/10-23:08:48.983053 7ffff7fdba80 	kXpressCompression supported: 0
2018/12/10-23:08:48.983053 7ffff7fdba80 	kLZ4HCCompression supported: 0
2018/12/10-23:08:48.983054 7ffff7fdba80 	kLZ4Compression supported: 0
2018/12/10-23:08:48.983054 7ffff7fdba80 	kBZip2Compression supported: 0
2018/12/10-23:08:48.983055 7ffff7fdba80 	kZlibCompression supported: 0
2018/12/10-23:08:48.983056 7ffff7fdba80 	kSnappyCompression supported: 0
2018/12/10-23:08:48.983058 7ffff7fdba80 Fast CRC32 supported: Supported on x86
2018/12/10-23:08:48.983189 7ffff7fdba80 [db/version_set.cc:3406] Recovering from manifest file: MANIFEST-000006
2018/12/10-23:08:48.983226 7ffff7fdba80 [db/column_family.cc:475] --------------- Options for column family [default]:
2018/12/10-23:08:48.983227 7ffff7fdba80               Options.comparator: leveldb.BytewiseComparator
2018/12/10-23:08:48.983228 7ffff7fdba80           Options.merge_operator: None
2018/12/10-23:08:48.983229 7ffff7fdba80        Options.compaction_filter: None
2018/12/10-23:08:48.983229 7ffff7fdba80        Options.compaction_filter_factory: None
2018/12/10-23:08:48.983230 7ffff7fdba80         Options.memtable_factory: SkipListFactory
2018/12/10-23:08:48.983231 7ffff7fdba80            Options.table_factory: BlockBasedTable
2018/12/10-23:08:48.983247 7ffff7fdba80            table_factory options:   flush_block_policy_factory: FlushBlockBySizePolicyFactory (0x555555e002b0)
  cache_index_and_filter_blocks: 0
  cache_index_and_filter_blocks_with_high_priority: 0
  pin_l0_filter_and_index_blocks_in_cache: 0
  pin_top_level_index_and_filter: 1
  index_type: 0
  hash_index_allow_collision: 1
  checksum: 1
  no_block_cache: 0
  block_cache: 0x555555df8d70
  block_cache_name: LRUCache
  block_cache_options:
    capacity : 8388608
    num_shard_bits : 4
    strict_capacity_limit : 0
    high_pri_pool_ratio: 0.000
  block_cache_compressed: (nil)
  persistent_cache: (nil)
  block_size: 4096
  block_size_deviation: 10
  block_restart_interval: 16
  index_block_restart_interval: 1
  metadata_block_size: 4096
  partition_filters: 0
  use_delta_encoding: 1
  filter_policy: nullptr
  whole_key_filtering: 1
  verify_compression: 0
  read_amp_bytes_per_bit: 0
  format_version: 2
  enable_index_compression: 1
  block_align: 0
2018/12/10-23:08:48.983256 7ffff7fdba80        Options.write_buffer_size: 67108864
2018/12/10-23:08:48.983256 7ffff7fdba80  Options.max_write_buffer_number: 2
2018/12/10-23:08:48.983257 7ffff7fdba80          Options.compression: NoCompression
2018/12/10-23:08:48.983258 7ffff7fdba80                  Options.bottommost_compression: Disabled
2018/12/10-23:08:48.983258 7ffff7fdba80       Options.prefix_extractor: nullptr
2018/12/10-23:08:48.983259 7ffff7fdba80   Options.memtable_insert_with_hint_prefix_extractor: nullptr
2018/12/10-23:08:48.983260 7ffff7fdba80             Options.num_levels: 7
2018/12/10-23:08:48.983260 7ffff7fdba80        Options.min_write_buffer_number_to_merge: 1
2018/12/10-23:08:48.983261 7ffff7fdba80     Options.max_write_buffer_number_to_maintain: 0
2018/12/10-23:08:48.983261 7ffff7fdba80            Options.bottommost_compression_opts.window_bits: -14
2018/12/10-23:08:48.983262 7ffff7fdba80                  Options.bottommost_compression_opts.level: 32767
2018/12/10-23:08:48.983262 7ffff7fdba80               Options.bottommost_compression_opts.strategy: 0
2018/12/10-23:08:48.983263 7ffff7fdba80         Options.bottommost_compression_opts.max_dict_bytes: 0
2018/12/10-23:08:48.983263 7ffff7fdba80         Options.bottommost_compression_opts.zstd_max_train_bytes: 0
2018/12/10-23:08:48.983264 7ffff7fdba80                  Options.bottommost_compression_opts.enabled: false
2018/12/10-23:08:48.983265 7ffff7fdba80            Options.compression_opts.window_bits: -14
2018/12/10-23:08:48.983265 7ffff7fdba80                  Options.compression_opts.level: 32767
2018/12/10-23:08:48.983266 7ffff7fdba80               Options.compression_opts.strategy: 0
2018/12/10-23:08:48.983266 7ffff7fdba80         Options.compression_opts.max_dict_bytes: 0
2018/12/10-23:08:48.983267 7ffff7fdba80         Options.compression_opts.zstd_max_train_bytes: 0
2018/12/10-23:08:48.983267 7ffff7fdba80                  Options.compression_opts.enabled: false
2018/12/10-23:08:48.983268 7ffff7fdba80      Options.level0_file_num_compaction_trigger: 4
2018/12/10-23:08:48.983268 7ffff7fdba80          Options.level0_slowdown_writes_trigger: 20
2018/12/10-23:08:48.983269 7ffff7fdba80              Options.level0_stop_writes_trigger: 36
2018/12/10-23:08:48.983270 7ffff7fdba80                   Options.target_file_size_base: 67108864
2018/12/10-23:08:48.983270 7ffff7fdba80             Options.target_file_size_multiplier: 1
2018/12/10-23:08:48.983271 7ffff7fdba80                Options.max_bytes_for_level_base: 268435456
2018/12/10-23:08:48.983271 7ffff7fdba80 Options.level_compaction_dynamic_level_bytes: 0
2018/12/10-23:08:48.983272 7ffff7fdba80          Options.max_bytes_for_level_multiplier: 10.000000
2018/12/10-23:08:48.983274 7ffff7fdba80 Options.max_bytes_for_level_multiplier_addtl[0]: 1
2018/12/10-23:08:48.983274 7ffff7fdba80 Options.max_bytes_for_level_multiplier_addtl[1]: 1
2018/12/10-23:08:48.983275 7ffff7fdba80 Options.max_bytes_for_level_multiplier_addtl[2]: 1
2018/12/10-23:08:48.983276 7ffff7fdba80 Options.max_bytes_for_level_multiplier_addtl[3]: 1
2018/12/10-23:08:48.983276 7ffff7fdba80 Options.max_bytes_for_level_multiplier_addtl[4]: 1
2018/12/10-23:08:48.983277 7ffff7fdba80 Options.max_bytes_for_level_multiplier_addtl[5]: 1
2018/12/10-23:08:48.983277 7ffff7fdba80 Options.max_bytes_for_level_multiplier_addtl[6]: 1
2018/12/10-23:08:48.983278 7ffff7fdba80       Options.max_sequential_skip_in_iterations: 8
2018/12/10-23:08:48.983282 7ffff7fdba80                    Options.max_compaction_bytes: 1677721600
2018/12/10-23:08:48.983283 7ffff7fdba80                        Options.arena_block_size: 8388608
2018/12/10-23:08:48.983284 7ffff7fdba80   Options.soft_pending_compaction_bytes_limit: 68719476736
2018/12/10-23:08:48.983284 7ffff7fdba80   Options.hard_pending_compaction_bytes_limit: 274877906944
2018/12/10-23:08:48.983285 7ffff7fdba80       Options.rate_limit_delay_max_milliseconds: 100
2018/12/10-23:08:48.983285 7ffff7fdba80                Options.disable_auto_compactions: 0
2018/12/10-23:08:48.983286 7ffff7fdba80                        Options.compaction_style: kCompactionStyleLevel
2018/12/10-23:08:48.983287 7ffff7fdba80                          Options.compaction_pri: kByCompensatedSize
2018/12/10-23:08:48.983288 7ffff7fdba80 Options.compaction_options_universal.size_ratio: 1
2018/12/10-23:08:48.983289 7ffff7fdba80 Options.compaction_options_universal.min_merge_width: 2
2018/12/10-23:08:48.983289 7ffff7fdba80 Options.compaction_options_universal.max_merge_width: 4294967295
2018/12/10-23:08:48.983290 7ffff7fdba80 Options.compaction_options_universal.max_size_amplification_percent: 200
2018/12/10-23:08:48.983290 7ffff7fdba80 Options.compaction_options_universal.compression_size_percent: -1
2018/12/10-23:08:48.983291 7ffff7fdba80 Options.compaction_options_universal.stop_style: kCompactionStopStyleTotalSize
2018/12/10-23:08:48.983292 7ffff7fdba80 Options.compaction_options_fifo.max_table_files_size: 1073741824
2018/12/10-23:08:48.983292 7ffff7fdba80 Options.compaction_options_fifo.allow_compaction: 0
2018/12/10-23:08:48.983293 7ffff7fdba80 Options.compaction_options_fifo.ttl: 0
2018/12/10-23:08:48.983293 7ffff7fdba80                   Options.table_properties_collectors: 
2018/12/10-23:08:48.983294 7ffff7fdba80                   Options.inplace_update_support: 0
2018/12/10-23:08:48.983295 7ffff7fdba80                 Options.inplace_update_num_locks: 10000
2018/12/10-23:08:48.983295 7ffff7fdba80               Options.memtable_prefix_bloom_size_ratio: 0.000000
2018/12/10-23:08:48.983296 7ffff7fdba80   Options.memtable_huge_page_size: 0
2018/12/10-23:08:48.983296 7ffff7fdba80                           Options.bloom_locality: 0
2018/12/10-23:08:48.983297 7ffff7fdba80                    Options.max_successive_merges: 0
2018/12/10-23:08:48.983298 7ffff7fdba80                Options.optimize_filters_for_hits: 0
2018/12/10-23:08:48.983298 7ffff7fdba80                Options.paranoid_file_checks: 0
2018/12/10-23:08:48.983299 7ffff7fdba80                Options.force_consistency_checks: 0
2018/12/10-23:08:48.983299 7ffff7fdba80                Options.report_bg_io_stats: 0
2018/12/10-23:08:48.983300 7ffff7fdba80                               Options.ttl: 0
2018/12/10-23:08:48.983327 7ffff7fdba80 [db/column_family.cc:475] --------------- Options for column family [project_info]:
2018/12/10-23:08:48.983328 7ffff7fdba80               Options.comparator: leveldb.BytewiseComparator
2018/12/10-23:08:48.983329 7ffff7fdba80           Options.merge_operator: None
2018/12/10-23:08:48.983329 7ffff7fdba80        Options.compaction_filter: None
2018/12/10-23:08:48.983330 7ffff7fdba80        Options.compaction_filter_factory: None
2018/12/10-23:08:48.983331 7ffff7fdba80         Options.memtable_factory: SkipListFactory
2018/12/10-23:08:48.983331 7ffff7fdba80            Options.table_factory: BlockBasedTable
2018/12/10-23:08:48.983345 7ffff7fdba80            table_factory options:   flush_block_policy_factory: FlushBlockBySizePolicyFactory (0x555555ddcbf0)
  cache_index_and_filter_blocks: 0
  cache_index_and_filter_blocks_with_high_priority: 0
  pin_l0_filter_and_index_blocks_in_cache: 0
  pin_top_level_index_and_filter: 1
  index_type: 0
  hash_index_allow_collision: 1
  checksum: 1
  no_block_cache: 0
  block_cache: 0x555555e05750
  block_cache_name: LRUCache
  block_cache_options:
    capacity : 8388608
    num_shard_bits : 4
    strict_capacity_limit : 0
    high_pri_pool_ratio: 0.000
  block_cache_compressed: (nil)
  persistent_cache: (nil)
  block_size: 4096
  block_size_deviation: 10
  block_restart_interval: 16
  index_block_restart_interval: 1
  metadata_block_size: 4096
  partition_filters: 0
  use_delta_encoding: 1
  filter_policy: nullptr
  whole_key_filtering: 1
  verify_compression: 0
  read_amp_bytes_per_bit: 0
  format_version: 2
  enable_index_compression: 1
  block_align: 0
2018/12/10-23:08:48.983356 7ffff7fdba80        Options.write_buffer_size: 67108864
2018/12/10-23:08:48.983357 7ffff7fdba80  Options.max_write_buffer_number: 2
2018/12/10-23:08:48.983358 7ffff7fdba80          Options.compression: NoCompression
2018/12/10-23:08:48.983358 7ffff7fdba80                  Options.bottommost_compression: Disabled
2018/12/10-23:08:48.983371 7ffff7fdba80       Options.prefix_extractor: nullptr
2018/12/10-23:08:48.983372 7ffff7fdba80   Options.memtable_insert_with_hint_prefix_extractor: nullptr
2018/12/10-23:08:48.983372 7ffff7fdba80             Options.num_levels: 7
2018/12/10-23:08:48.983373 7ffff7fdba80        Options.min_write_buffer_number_to_merge: 1
2018/12/10-23:08:48.983373 7ffff7fdba80     Options.max_write_buffer_number_to_maintain: 0
2018/12/10-23:08:48.983374 7ffff7fdba80            Options.bottommost_compression_opts.window_bits: -14
2018/12/10-23:08:48.983374 7ffff7fdba80                  Options.bottommost_compression_opts.level: 32767
2018/12/10-23:08:48.983375 7ffff7fdba80               Options.bottommost_compression_opts.strategy: 0
2018/12/10-23:08:48.983375 7ffff7fdba80         Options.bottommost_compression_opts.max_dict_bytes: 0
2018/12/10-23:08:48.983376 7ffff7fdba80         Options.bottommost_compression_opts.zstd_max_train_bytes: 0
2018/12/10-23:08:48.983377 7ffff7fdba80                  Options.bottommost_compression_opts.enabled: false
2018/12/10-23:08:48.983377 7ffff7fdba80            Options.compression_opts.window_bits: -14
2018/12/10-23:08:48.983378 7ffff7fdba80                  Options.compression_opts.level: 32767
2018/12/10-23:08:48.983378 7ffff7fdba80               Options.compression_opts.strategy: 0
2018/12/10-23:08:48.983379 7ffff7fdba80         Options.compression_opts.max_dict_bytes: 0
2018/12/10-23:08:48.983379 7ffff7fdba80         Options.compression_opts.zstd_max_train_bytes: 0
2018/12/10-23:08:48.983380 7ffff7fdba80                  Options.compression_opts.enabled: false
2018/12/10-23:08:48.983380 7ffff7fdba80      Options.level0_file_num_compaction_trigger: 4
2018/12/10-23:08:48.983381 7ffff7fdba80          Options.level0_slowdown_writes_trigger: 20
2018/12/10-23:08:48.983382 7ffff7fdba80              Options.level0_stop_writes_trigger: 36
2018/12/10-23:08:48.983382 7ffff7fdba80                   Options.target_file_size_base: 67108864
2018/12/10-23:08:48.983383 7ffff7fdba80             Options.target_file_size_multiplier: 1
2018/12/10-23:08:48.983383 7ffff7fdba80                Options.max_bytes_for_level_base: 268435456
2018/12/10-23:08:48.983384 7ffff7fdba80 Options.level_compaction_dynamic_level_bytes: 0
2018/12/10-23:08:48.983384 7ffff7fdba80          Options.max_bytes_for_level_multiplier: 10.000000
2018/12/10-23:08:48.983386 7ffff7fdba80 Options.max_bytes_for_level_multiplier_addtl[0]: 1
2018/12/10-23:08:48.983386 7ffff7fdba80 Options.max_bytes_for_level_multiplier_addtl[1]: 1
2018/12/10-23:08:48.983387 7ffff7fdba80 Options.max_bytes_for_level_multiplier_addtl[2]: 1
2018/12/10-23:08:48.983387 7ffff7fdba80 Options.max_bytes_for_level_multiplier_addtl[3]: 1
2018/12/10-23:08:48.983388 7ffff7fdba80 Options.max_bytes_for_level_multiplier_addtl[4]: 1
2018/12/10-23:08:48.983388 7ffff7fdba80 Options.max_bytes_for_level_multiplier_addtl[5]: 1
2018/12/10-23:08:48.983389 7ffff7fdba80 Options.max_bytes_for_level_multiplier_addtl[6]: 1
2018/12/10-23:08:48.983390 7ffff7fdba80       Options.max_sequential_skip_in_iterations: 8
2018/12/10-23:08:48.983390 7ffff7fdba80                    Options.max_compaction_bytes: 1677721600
2018/12/10-23:08:48.983391 7ffff7fdba80                        Options.arena_block_size: 8388608
2018/12/10-23:08:48.983391 7ffff7fdba80   Options.soft_pending_compaction_bytes_limit: 68719476736
2018/12/10-23:08:48.983406 7ffff7fdba80   Options.hard_pending_compaction_bytes_limit: 274877906944
2018/12/10-23:08:48.983407 7ffff7fdba80       Options.rate_limit_delay_max_milliseconds: 100
2018/12/10-23:08:48.983408 7ffff7fdba80                Options.disable_auto_compactions: 0
2018/12/10-23:08:48.983409 7ffff7fdba80                        Options.compaction_style: kCompactionStyleLevel
2018/12/10-23:08:48.983410 7ffff7fdba80                          Options.compaction_pri: kByCompensatedSize
2018/12/10-23:08:48.983410 7ffff7fdba80 Options.compaction_options_universal.size_ratio: 1
2018/12/10-23:08:48.983411 7ffff7fdba80 Options.compaction_options_universal.min_merge_width: 2
2018/12/10-23:08:48.983411 7ffff7fdba80 Options.compaction_options_universal.max_merge_width: 4294967295
2018/12/10-23:08:48.983412 7ffff7fdba80 Options.compaction_options_universal.max_size_amplification_percent: 200
2018/12/10-23:08:48.983412 7ffff7fdba80 Options.compaction_options_universal.compression_size_percent: -1
2018/12/10-23:08:48.983413 7ffff7fdba80 Options.compaction_options_universal.stop_style: kCompactionStopStyleTotalSize
2018/12/10-23:08:48.983414 7ffff7fdba80 Options.compaction_options_fifo.max_table_files_size: 1073741824
2018/12/10-23:08:48.983414 7ffff7fdba80 Options.compaction_options_fifo.allow_compaction: 0
2018/12/10-23:08:48.983415 7ffff7fdba80 Options.compaction_options_fifo.ttl: 0
2018/12/10-23:08:48.983415 7ffff7fdba80                   Options.table_properties_collectors: 
2018/12/10-23:08:48.983416 7ffff7fdba80                   Options.inplace_update_support: 0
2018/12/10-23:08:48.983416 7ffff7fdba80                 Options.inplace_update_num_locks: 10000
2018/12/10-23:08:48.983417 7ffff7fdba80               Options.memtable_prefix_bloom_size_ratio: 0.000000
2018/12/10-23:08:48.983418 7ffff7fdba80   Options.memtable_huge_page_size: 0
2018/12/10-23:08:48.983418 7ffff7fdba80                           Options.bloom_locality: 0
2018/12/10-23:08:48.983419 7ffff7fdba80                    Options.max_successive_merges: 0
2018/12/10-23:08:48.983420 7ffff7fdba80                Options.optimize_filters_for_hits: 0
2018/12/10-23:08:48.983420 7ffff7fdba80                Options.paranoid_file_checks: 0
2018/12/10-23:08:48.983421 7ffff7fdba80                Options.force_consistency_checks: 0
2018/12/10-23:08:48.983421 7ffff7fdba80                Options.report_bg_io_stats: 0
2018/12/10-23:08:48.983422 7ffff7fdba80                               Options.ttl: 0
2018/12/10-23:08:48.983440 7ffff7fdba80 [db/column_family.cc:475] --------------- Options for column family [project]:
2018/12/10-23:08:48.983441 7ffff7fdba80               Options.comparator: leveldb.BytewiseComparator
2018/12/10-23:08:48.983442 7ffff7fdba80           Options.merge_operator: None
2018/12/10-23:08:48.983442 7ffff7fdba80        Options.compaction_filter: None
2018/12/10-23:08:48.983443 7ffff7fdba80        Options.compaction_filter_factory: None
2018/12/10-23:08:48.983443 7ffff7fdba80         Options.memtable_factory: SkipListFactory
2018/12/10-23:08:48.983444 7ffff7fdba80            Options.table_factory: BlockBasedTable
2018/12/10-23:08:48.983455 7ffff7fdba80            table_factory options:   flush_block_policy_factory: FlushBlockBySizePolicyFactory (0x555555d8c450)
  cache_index_and_filter_blocks: 0
  cache_index_and_filter_blocks_with_high_priority: 0
  pin_l0_filter_and_index_blocks_in_cache: 0
  pin_top_level_index_and_filter: 1
  index_type: 0
  hash_index_allow_collision: 1
  checksum: 1
  no_block_cache: 0
  block_cache: 0x555555e067d0
  block_cache_name: LRUCache
  block_cache_options:
    capacity : 8388608
    num_shard_bits : 4
    strict_capacity_limit : 0
    high_pri_pool_ratio: 0.000
  block_cache_compressed: (nil)
  persistent_cache: (nil)
  block_size: 4096
  block_size_deviation: 10
  block_restart_interval: 16
  index_block_restart_interval: 1
  metadata_block_size: 4096
  partition_filters: 0
  use_delta_encoding: 1
  filter_policy: nullptr
  whole_key_filtering: 1
  verify_compression: 0
  read_amp_bytes_per_bit: 0
  format_version: 2
  enable_index_compression: 1
  block_align: 0
2018/12/10-23:08:48.983483 7ffff7fdba80        Options.write_buffer_size: 67108864
2018/12/10-23:08:48.983484 7ffff7fdba80  Options.max_write_buffer_number: 2
2018/12/10-23:08:48.983485 7ffff7fdba80          Options.compression: NoCompression
2018/12/10-23:08:48.983486 7ffff7fdba80                  Options.bottommost_compression: Disabled
2018/12/10-23:08:48.983486 7ffff7fdba80       Options.prefix_extractor: nullptr
2018/12/10-23:08:48.983487 7ffff7fdba80   Options.memtable_insert_with_hint_prefix_extractor: nullptr
2018/12/10-23:08:48.983487 7ffff7fdba80             Options.num_levels: 7
2018/12/10-23:08:48.983488 7ffff7fdba80        Options.min_write_buffer_number_to_merge: 1
2018/12/10-23:08:48.983488 7ffff7fdba80     Options.max_write_buffer_number_to_maintain: 0
2018/12/10-23:08:48.983489 7ffff7fdba80            Options.bottommost_compression_opts.window_bits: -14
2018/12/10-23:08:48.983490 7ffff7fdba80                  Options.bottommost_compression_opts.level: 32767
2018/12/10-23:08:48.983490 7ffff7fdba80               Options.bottommost_compression_opts.strategy: 0
2018/12/10-23:08:48.983491 7ffff7fdba80         Options.bottommost_compression_opts.max_dict_bytes: 0
2018/12/10-23:08:48.983491 7ffff7fdba80         Options.bottommost_compression_opts.zstd_max_train_bytes: 0
2018/12/10-23:08:48.983492 7ffff7fdba80                  Options.bottommost_compression_opts.enabled: false
2018/12/10-23:08:48.983492 7ffff7fdba80            Options.compression_opts.window_bits: -14
2018/12/10-23:08:48.983493 7ffff7fdba80                  Options.compression_opts.level: 32767
2018/12/10-23:08:48.983493 7ffff7fdba80               Options.compression_opts.strategy: 0
2018/12/10-23:08:48.983494 7ffff7fdba80         Options.compression_opts.max_dict_bytes: 0
2018/12/10-23:08:48.983494 7ffff7fdba80         Options.compression_opts.zstd_max_train_bytes: 0
2018/12/10-23:08:48.983495 7ffff7fdba80                  Options.compression_opts.enabled: false
2018/12/10-23:08:48.983495 7ffff7fdba80      Options.level0_file_num_compaction_trigger: 4
2018/12/10-23:08:48.983496 7ffff7fdba80          Options.level0_slowdown_writes_trigger: 20
2018/12/10-23:08:48.983497 7ffff7fdba80              Options.level0_stop_writes_trigger: 36
2018/12/10-23:08:48.983497 7ffff7fdba80                   Options.target_file_size_base: 67108864
2018/12/10-23:08:48.983498 7ffff7fdba80             Options.target_file_size_multiplier: 1
2018/12/10-23:08:48.983498 7ffff7fdba80                Options.max_bytes_for_level_base: 268435456
2018/12/10-23:08:48.983499 7ffff7fdba80 Options.level_compaction_dynamic_level_bytes: 0
2018/12/10-23:08:48.983499 7ffff7fdba80          Options.max_bytes_for_level_multiplier: 10.000000
2018/12/10-23:08:48.983501 7ffff7fdba80 Options.max_bytes_for_level_multiplier_addtl[0]: 1
2018/12/10-23:08:48.983501 7ffff7fdba80 Options.max_bytes_for_level_multiplier_addtl[1]: 1
2018/12/10-23:08:48.983502 7ffff7fdba80 Options.max_bytes_for_level_multiplier_addtl[2]: 1
2018/12/10-23:08:48.983502 7ffff7fdba80 Options.max_bytes_for_level_multiplier_addtl[3]: 1
2018/12/10-23:08:48.983503 7ffff7fdba80 Options.max_bytes_for_level_multiplier_addtl[4]: 1
2018/12/10-23:08:48.983504 7ffff7fdba80 Options.max_bytes_for_level_multiplier_addtl[5]: 1
2018/12/10-23:08:48.983504 7ffff7fdba80 Options.max_bytes_for_level_multiplier_addtl[6]: 1
2018/12/10-23:08:48.983505 7ffff7fdba80       Options.max_sequential_skip_in_iterations: 8
2018/12/10-23:08:48.983505 7ffff7fdba80                    Options.max_compaction_bytes: 1677721600
2018/12/10-23:08:48.983506 7ffff7fdba80                        Options.arena_block_size: 8388608
2018/12/10-23:08:48.983506 7ffff7fdba80   Options.soft_pending_compaction_bytes_limit: 68719476736
2018/12/10-23:08:48.983507 7ffff7fdba80   Options.hard_pending_compaction_bytes_limit: 274877906944
2018/12/10-23:08:48.983507 7ffff7fdba80       Options.rate_limit_delay_max_milliseconds: 100
2018/12/10-23:08:48.983508 7ffff7fdba80                Options.disable_auto_compactions: 0
2018/12/10-23:08:48.983515 7ffff7fdba80                        Options.compaction_style: kCompactionStyleLevel
2018/12/10-23:08:48.983516 7ffff7fdba80                          Options.compaction_pri: kByCompensatedSize
2018/12/10-23:08:48.983517 7ffff7fdba80 Options.compaction_options_universal.size_ratio: 1
2018/12/10-23:08:48.983518 7ffff7fdba80 Options.compaction_options_universal.min_merge_width: 2
2018/12/10-23:08:48.983518 7ffff7fdba80 Options.compaction_options_universal.max_merge_width: 4294967295
2018/12/10-23:08:48.983519 7ffff7fdba80 Options.compaction_options_universal.max_size_amplification_percent: 200
2018/12/10-23:08:48.983519 7ffff7fdba80 Options.compaction_options_universal.compression_size_percent: -1
2018/12/10-23:08:48.983520 7ffff7fdba80 Options.compaction_options_universal.stop_style: kCompactionStopStyleTotalSize
2018/12/10-23:08:48.983520 7ffff7fdba80 Options.compaction_options_fifo.max_table_files_size: 1073741824
2018/12/10-23:08:48.983521 7ffff7fdba80 Options.compaction_options_fifo.allow_compaction: 0
2018/12/10-23:08:48.983522 7ffff7fdba80 Options.compaction_options_fifo.ttl: 0
2018/12/10-23:08:48.983531 7ffff7fdba80                   Options.table_properties_collectors: 
2018/12/10-23:08:48.983532 7ffff7fdba80                   Options.inplace_update_support: 0
2018/12/10-23:08:48.983532 7ffff7fdba80                 Options.inplace_update_num_locks: 10000
2018/12/10-23:08:48.983533 7ffff7fdba80               Options.memtable_prefix_bloom_size_ratio: 0.000000
2018/12/10-23:08:48.983534 7ffff7fdba80   Options.memtable_huge_page_size: 0
2018/12/10-23:08:48.983534 7ffff7fdba80                           Options.bloom_locality: 0
2018/12/10-23:08:48.983535 7ffff7fdba80                    Options.max_successive_merges: 0
2018/12/10-23:08:48.983535 7ffff7fdba80                Options.optimize_filters_for_hits: 0
2018/12/10-23:08:48.983536 7ffff7fdba80                Options.paranoid_file_checks: 0
2018/12/10-23:08:48.983537 7ffff7fdba80                Options.force_consistency_checks: 0
2018/12/10-23:08:48.983537 7ffff7fdba80                Options.report_bg_io_stats: 0
2018/12/10-23:08:48.983538 7ffff7fdba80                               Options.ttl: 0
2018/12/10-23:08:48.983552 7ffff7fdba80 [db/column_family.cc:475] --------------- Options for column family [case]:
2018/12/10-23:08:48.983553 7ffff7fdba80               Options.comparator: leveldb.BytewiseComparator
2018/12/10-23:08:48.983553 7ffff7fdba80           Options.merge_operator: None
2018/12/10-23:08:48.983554 7ffff7fdba80        Options.compaction_filter: None
2018/12/10-23:08:48.983555 7ffff7fdba80        Options.compaction_filter_factory: None
2018/12/10-23:08:48.983555 7ffff7fdba80         Options.memtable_factory: SkipListFactory
2018/12/10-23:08:48.983556 7ffff7fdba80            Options.table_factory: BlockBasedTable
2018/12/10-23:08:48.983570 7ffff7fdba80            table_factory options:   flush_block_policy_factory: FlushBlockBySizePolicyFactory (0x555555e07330)
  cache_index_and_filter_blocks: 0
  cache_index_and_filter_blocks_with_high_priority: 0
  pin_l0_filter_and_index_blocks_in_cache: 0
  pin_top_level_index_and_filter: 1
  index_type: 0
  hash_index_allow_collision: 1
  checksum: 1
  no_block_cache: 0
  block_cache: 0x555555e07370
  block_cache_name: LRUCache
  block_cache_options:
    capacity : 8388608
    num_shard_bits : 4
    strict_capacity_limit : 0
    high_pri_pool_ratio: 0.000
  block_cache_compressed: (nil)
  persistent_cache: (nil)
  block_size: 4096
  block_size_deviation: 10
  block_restart_interval: 16
  index_block_restart_interval: 1
  metadata_block_size: 4096
  partition_filters: 0
  use_delta_encoding: 1
  filter_policy: nullptr
  whole_key_filtering: 1
  verify_compression: 0
  read_amp_bytes_per_bit: 0
  format_version: 2
  enable_index_compression: 1
  block_align: 0
2018/12/10-23:08:48.983573 7ffff7fdba80        Options.write_buffer_size: 67108864
2018/12/10-23:08:48.983574 7ffff7fdba80  Options.max_write_buffer_number: 2
2018/12/10-23:08:48.983575 7ffff7fdba80          Options.compression: NoCompression
2018/12/10-23:08:48.983595 7ffff7fdba80                  Options.bottommost_compression: Disabled
2018/12/10-23:08:48.983596 7ffff7fdba80       Options.prefix_extractor: nullptr
2018/12/10-23:08:48.983597 7ffff7fdba80   Options.memtable_insert_with_hint_prefix_extractor: nullptr
2018/12/10-23:08:48.983597 7ffff7fdba80             Options.num_levels: 7
2018/12/10-23:08:48.983598 7ffff7fdba80        Options.min_write_buffer_number_to_merge: 1
2018/12/10-23:08:48.983598 7ffff7fdba80     Options.max_write_buffer_number_to_maintain: 0
2018/12/10-23:08:48.983599 7ffff7fdba80            Options.bottommost_compression_opts.window_bits: -14
2018/12/10-23:08:48.983599 7ffff7fdba80                  Options.bottommost_compression_opts.level: 32767
2018/12/10-23:08:48.983600 7ffff7fdba80               Options.bottommost_compression_opts.strategy: 0
2018/12/10-23:08:48.983600 7ffff7fdba80         Options.bottommost_compression_opts.max_dict_bytes: 0
2018/12/10-23:08:48.983601 7ffff7fdba80         Options.bottommost_compression_opts.zstd_max_train_bytes: 0
2018/12/10-23:08:48.983602 7ffff7fdba80                  Options.bottommost_compression_opts.enabled: false
2018/12/10-23:08:48.983602 7ffff7fdba80            Options.compression_opts.window_bits: -14
2018/12/10-23:08:48.983603 7ffff7fdba80                  Options.compression_opts.level: 32767
2018/12/10-23:08:48.983603 7ffff7fdba80               Options.compression_opts.strategy: 0
2018/12/10-23:08:48.983604 7ffff7fdba80         Options.compression_opts.max_dict_bytes: 0
2018/12/10-23:08:48.983604 7ffff7fdba80         Options.compression_opts.zstd_max_train_bytes: 0
2018/12/10-23:08:48.983605 7ffff7fdba80                  Options.compression_opts.enabled: false
2018/12/10-23:08:48.983605 7ffff7fdba80      Options.level0_file_num_compaction_trigger: 4
2018/12/10-23:08:48.983606 7ffff7fdba80          Options.level0_slowdown_writes_trigger: 20
2018/12/10-23:08:48.983606 7ffff7fdba80              Options.level0_stop_writes_trigger: 36
2018/12/10-23:08:48.983607 7ffff7fdba80                   Options.target_file_size_base: 67108864
2018/12/10-23:08:48.983608 7ffff7fdba80             Options.target_file_size_multiplier: 1
2018/12/10-23:08:48.983608 7ffff7fdba80                Options.max_bytes_for_level_base: 268435456
2018/12/10-23:08:48.983609 7ffff7fdba80 Options.level_compaction_dynamic_level_bytes: 0
2018/12/10-23:08:48.983609 7ffff7fdba80          Options.max_bytes_for_level_multiplier: 10.000000
2018/12/10-23:08:48.983610 7ffff7fdba80 Options.max_bytes_for_level_multiplier_addtl[0]: 1
2018/12/10-23:08:48.983611 7ffff7fdba80 Options.max_bytes_for_level_multiplier_addtl[1]: 1
2018/12/10-23:08:48.983611 7ffff7fdba80 Options.max_bytes_for_level_multiplier_addtl[2]: 1
2018/12/10-23:08:48.983612 7ffff7fdba80 Options.max_bytes_for_level_multiplier_addtl[3]: 1
2018/12/10-23:08:48.983613 7ffff7fdba80 Options.max_bytes_for_level_multiplier_addtl[4]: 1
2018/12/10-23:08:48.983613 7ffff7fdba80 Options.max_bytes_for_level_multiplier_addtl[5]: 1
2018/12/10-23:08:48.983614 7ffff7fdba80 Options.max_bytes_for_level_multiplier_addtl[6]: 1
2018/12/10-23:08:48.983614 7ffff7fdba80       Options.max_sequential_skip_in_iterations: 8
2018/12/10-23:08:48.983615 7ffff7fdba80                    Options.max_compaction_bytes: 1677721600
2018/12/10-23:08:48.983615 7ffff7fdba80                        Options.arena_block_size: 8388608
2018/12/10-23:08:48.983616 7ffff7fdba80   Options.soft_pending_compaction_bytes_limit: 68719476736
2018/12/10-23:08:48.983616 7ffff7fdba80   Options.hard_pending_compaction_bytes_limit: 274877906944
2018/12/10-23:08:48.983617 7ffff7fdba80       Options.rate_limit_delay_max_milliseconds: 100
2018/12/10-23:08:48.983618 7ffff7fdba80                Options.disable_auto_compactions: 0
2018/12/10-23:08:48.983618 7ffff7fdba80                        Options.compaction_style: kCompactionStyleLevel
2018/12/10-23:08:48.983619 7ffff7fdba80                          Options.compaction_pri: kByCompensatedSize
2018/12/10-23:08:48.983620 7ffff7fdba80 Options.compaction_options_universal.size_ratio: 1
2018/12/10-23:08:48.983637 7ffff7fdba80 Options.compaction_options_universal.min_merge_width: 2
2018/12/10-23:08:48.983638 7ffff7fdba80 Options.compaction_options_universal.max_merge_width: 4294967295
2018/12/10-23:08:48.983639 7ffff7fdba80 Options.compaction_options_universal.max_size_amplification_percent: 200
2018/12/10-23:08:48.983639 7ffff7fdba80 Options.compaction_options_universal.compression_size_percent: -1
2018/12/10-23:08:48.983640 7ffff7fdba80 Options.compaction_options_universal.stop_style: kCompactionStopStyleTotalSize
2018/12/10-23:08:48.983641 7ffff7fdba80 Options.compaction_options_fifo.max_table_files_size: 1073741824
2018/12/10-23:08:48.983641 7ffff7fdba80 Options.compaction_options_fifo.allow_compaction: 0
2018/12/10-23:08:48.983642 7ffff7fdba80 Options.compaction_options_fifo.ttl: 0
2018/12/10-23:08:48.983642 7ffff7fdba80                   Options.table_properties_collectors: 
2018/12/10-23:08:48.983643 7ffff7fdba80                   Options.inplace_update_support: 0
2018/12/10-23:08:48.983643 7ffff7fdba80                 Options.inplace_update_num_locks: 10000
2018/12/10-23:08:48.983644 7ffff7fdba80               Options.memtable_prefix_bloom_size_ratio: 0.000000
2018/12/10-23:08:48.983645 7ffff7fdba80   Options.memtable_huge_page_size: 0
2018/12/10-23:08:48.983645 7ffff7fdba80                           Options.bloom_locality: 0
2018/12/10-23:08:48.983646 7ffff7fdba80                    Options.max_successive_merges: 0
2018/12/10-23:08:48.983646 7ffff7fdba80                Options.optimize_filters_for_hits: 0
2018/12/10-23:08:48.983647 7ffff7fdba80                Options.paranoid_file_checks: 0
2018/12/10-23:08:48.983647 7ffff7fdba80                Options.force_consistency_checks: 0
2018/12/10-23:08:48.983648 7ffff7fdba80                Options.report_bg_io_stats: 0
2018/12/10-23:08:48.983648 7ffff7fdba80                               Options.ttl: 0
2018/12/10-23:08:48.983666 7ffff7fdba80 [db/column_family.cc:475] --------------- Options for column family [case_run]:
2018/12/10-23:08:48.983667 7ffff7fdba80               Options.comparator: leveldb.BytewiseComparator
2018/12/10-23:08:48.983668 7ffff7fdba80           Options.merge_operator: None
2018/12/10-23:08:48.983668 7ffff7fdba80        Options.compaction_filter: None
2018/12/10-23:08:48.983669 7ffff7fdba80        Options.compaction_filter_factory: None
2018/12/10-23:08:48.983669 7ffff7fdba80         Options.memtable_factory: SkipListFactory
2018/12/10-23:08:48.983670 7ffff7fdba80            Options.table_factory: BlockBasedTable
2018/12/10-23:08:48.983679 7ffff7fdba80            table_factory options:   flush_block_policy_factory: FlushBlockBySizePolicyFactory (0x555555dc8db0)
  cache_index_and_filter_blocks: 0
  cache_index_and_filter_blocks_with_high_priority: 0
  pin_l0_filter_and_index_blocks_in_cache: 0
  pin_top_level_index_and_filter: 1
  index_type: 0
  hash_index_allow_collision: 1
  checksum: 1
  no_block_cache: 0
  block_cache: 0x555555e0b3e0
  block_cache_name: LRUCache
